No.	Center Mass (u)	Lower Mass (u)	Upper Mass (u)	Assignment	Description	Mass Deviation (ppm)	Explained (%)	Resolution	Area	Uncorrected Area	Norm. By Reference Peak	Norm. By Total Ion Intensity	Norm. By Total Shots	Norm. By Corrected Total Ion Intensity	Norm. By Primary Ion Dose	RSF	Coverage (1/cm^2) 	Color
1		nan	nan	(null)	total	0		nan	28191324.00	17417498.00	inf	0.62	30.73	1.00	0.12	0.000000E+00	-NAN(IND)	255
2	62.934613	62.922839	62.945232	Cu-	(null)	70.917990	11.13	5251	7376.00	7299.00	inf	0.00	0.01	0.00	0.00	0.000000E+00	-NAN(IND)	255
3	24.000104	23.993685	24.009397	C_2-	(null)	-18.520680	100.00	5345	254640.73	222088.00	inf	0.01	0.28	0.01	0.00	0.000000E+00	-NAN(IND)	65280
4	25.008363	25.000886	25.022114	C_2H-	(null)	-0.431748	100.00	5058	890702.11	567744.00	inf	0.02	0.97	0.03	0.00	0.000000E+00	-NAN(IND)	16744448
5	36.000223	35.992475	36.014831	C_3-	(null)	-9.050849	100.00	5519	99014.19	93795.00	inf	0.00	0.11	0.00	0.00	0.000000E+00	-NAN(IND)	8453888
6	48.000427	47.991404	48.012531	C_4-	(null)	-2.527704	100.00	5971	86172.42	80715.00	inf	0.00	0.09	0.00	0.00	0.000000E+00	-NAN(IND)	8421631
7	60.000177	59.993801	60.010686	C_5-	(null)	-6.196180	100.00	7690	37642.08	34636.00	inf	0.00	0.04	0.00	0.00	0.000000E+00	-NAN(IND)	16744703
8	59.983741	59.975072	59.991353	CO_3-	(null)	-25.866811	100.00	7474	49418.23	47905.00	inf	0.00	0.05	0.00	0.00	0.000000E+00	-NAN(IND)	8421376
9	71.999943	71.989872	72.009754	C_6-	(null)	-8.413978	100.00	6670	30038.78	29322.00	inf	0.00	0.03	0.00	0.00	0.000000E+00	-NAN(IND)	255
10	78.926201	78.914067	78.942987	CuO-	(null)	14.404469	28.43	7172	31174.77	29773.00	inf	0.00	0.03	0.00	0.00	0.000000E+00	-NAN(IND)	16744448
11	24.018791	24.013447	24.026574	LiOH-	(null)	-20.872493	100.00	6163	2983.10	2254.00	inf	0.00	0.00	0.00	0.00	0.000000E+00	-NAN(IND)	8421504
12	39.005852	38.998199	39.015424	LiO_2-	(null)	-13.571667	100.00	5193	11723.21	11640.00	inf	0.00	0.01	0.00	0.00	0.000000E+00	-NAN(IND)	8388736
13	61.008406	61.001960	61.024950	C_5H-	(null)	0.532784	100.00	7499	45407.42	39234.00	inf	0.00	0.05	0.00	0.00	0.000000E+00	-NAN(IND)	8404992
14	49.008558	48.998697	49.021206	C_4H-	(null)	3.754387	100.00	5773	286089.59	243924.00	inf	0.01	0.31	0.01	0.00	0.000000E+00	-NAN(IND)	8453888
15	102.975068	102.967959	102.989988	C_6P-	(null)	7.358856	100.00	14220	21744.21	20797.00	inf	0.00	0.02	0.00	0.00	0.000000E+00	-NAN(IND)	8421631
16	143.986546	143.963309	144.024887	C_12-	(null)	-97.238720	100.00	6995	3436.26	3423.00	inf	0.00	0.00	0.00	0.00	0.000000E+00	-NAN(IND)	255
17	95.998935	95.990215	96.010253	C_8-	(null)	-16.813044	100.00	8483	8343.02	8166.00	inf	0.00	0.01	0.00	0.00	0.000000E+00	-NAN(IND)	8453888
18	119.998893	119.990293	120.008634	C_10-	(null)	-13.795347	100.00	7012	2170.27	2152.00	inf	0.00	0.00	0.00	0.00	0.000000E+00	-NAN(IND)	16744703
19	131.998021	131.988964	132.012993	C_11-	(null)	-19.148949	100.00	74430	1921.55	1903.00	inf	0.00	0.00	0.00	0.00	0.000000E+00	-NAN(IND)	8421376
20	121.007962	120.997744	121.015901	C_10H-	(null)	-3.405214	100.00	69096	14071.18	13040.00	inf	0.00	0.02	0.00	0.00	0.000000E+00	-NAN(IND)	16728128
21	168.990333	168.968939	169.024778	C_14H-	(null)	-106.744530	100.00	8541	7458.51	7382.00	inf	0.00	0.01	0.00	0.00	0.000000E+00	-NAN(IND)	255
22	168.010733	167.993336	168.030576	C_14-	(null)	60.621446	100.00	5061	1116.07	1101.00	inf	0.00	0.00	0.00	0.00	0.000000E+00	-NAN(IND)	16711680
23	180.012275	179.991012	180.037832	C_15-	(null)	65.145901	100.00	8285	2078.81	2073.00	inf	0.00	0.00	0.00	0.00	0.000000E+00	-NAN(IND)	8421504
24	191.991870	191.958511	192.025297	C_16-	(null)	-45.199520	100.00	3570	1265.52	1264.00	inf	0.00	0.00	0.00	0.00	0.000000E+00	-NAN(IND)	8388736
25	97.007477	96.999717	97.016599	C_8H-	(null)	-9.237568	100.00	11797	24854.93	23853.00	inf	0.00	0.03	0.00	0.00	0.000000E+00	-NAN(IND)	4227200
26	90.973475	90.959381	90.982546	C_5P-	(null)	-9.175056	100.00	7348	4548.48	4530.00	inf	0.00	0.00	0.00	0.00	0.000000E+00	-NAN(IND)	255
27	66.994141	66.987867	67.005187	LiCO_3-	(null)	-106.790890	100.00	8154	20401.69	19785.00	inf	0.00	0.02	0.00	0.00	0.000000E+00	-NAN(IND)	16744448
28	114.975902	114.965135	114.982144	C_7P-	(null)	13.848593	100.00	52800	8886.31	8823.00	inf	0.00	0.01	0.00	0.00	0.000000E+00	-NAN(IND)	16711680
29	174.961332	174.945589	174.979295	C_12P-	(null)	-74.170887	100.00	5938	3777.14	3761.00	inf	0.00	0.00	0.00	0.00	0.000000E+00	-NAN(IND)	8421376
30	186.986088	186.977517	186.999789	C_13P-	(null)	62.990980	100.00	69756	2722.29	2496.00	inf	0.00	0.00	0.00	0.00	0.000000E+00	-NAN(IND)	8421504
31	119.030729	119.020543	119.041681	(null)	(null)	0		14484	7791.75	7672.00	inf	0.00	0.01	0.00	0.00	0.000000E+00	-NAN(IND)	6710886
32	85.005951	84.997945	85.017149	C_6^13C-	(null)	24.091551	5.17	8731	19721.75	17182.00	inf	0.00	0.02	0.00	0.00	0.000000E+00	-NAN(IND)	65280
33	70.968261	70.959171	70.977105	C_2PO-	(null)	-13.581624	100.00	7439	17382.40	17164.00	inf	0.00	0.02	0.00	0.00	0.000000E+00	-NAN(IND)	8453888
34	82.968923	82.952428	82.980572	C_3PO-	(null)	-3.632692	100.00	4771	28773.44	28257.00	inf	0.00	0.03	0.00	0.00	0.000000E+00	-NAN(IND)	16744703
35	94.967448	94.956507	94.976958	C_4PO-	(null)	-18.711619	100.00	150459	5344.92	5294.00	inf	0.00	0.01	0.00	0.00	0.000000E+00	-NAN(IND)	8421376
36	118.968295	118.957857	118.977095	C_6PO-	(null)	-7.817607	100.00	61256	1782.09	1774.00	inf	0.00	0.00	0.00	0.00	0.000000E+00	-NAN(IND)	8421504
37	110.962389	110.952244	110.968748	C_4PO_2-	(null)	-15.772566	100.00	68047	4825.48	4802.00	inf	0.00	0.01	0.00	0.00	0.000000E+00	-NAN(IND)	8404992
38	75.994299	75.984177	76.005968	C_5O-	(null)	-15.315740	100.00	8340	2699.13	2680.00	inf	0.00	0.00	0.00	0.00	0.000000E+00	-NAN(IND)	2147552
39	133.007411	132.997956	133.021759	C_11H-	(null)	-7.236628	100.00	29853	4191.21	3991.00	inf	0.00	0.00	0.00	0.00	0.000000E+00	-NAN(IND)	8453888
40	98.012603	98.002434	98.023446	^13CC_7H-	(null)	8.927947	43.64	8287	6104.49	5120.00	inf	0.00	0.01	0.00	0.00	0.000000E+00	-NAN(IND)	8421504
41	112.995712	112.988421	113.013168	C_8HO-	(null)	-67.043154	100.00	39662	30033.73	27448.00	inf	0.00	0.03	0.00	0.00	0.000000E+00	-NAN(IND)	4227200
42	100.918676	100.895565	100.939855	CuF_2-	(null)	-82.038806	11.99	5632	28200.83	27296.00	inf	0.00	0.03	0.00	0.00	0.000000E+00	-NAN(IND)	2147552
43	79.935444	79.913970	79.943882	CuOH-	(null)	31.954584	100.00	175035	835.79	835.00	inf	0.00	0.00	0.00	0.00	0.000000E+00	-NAN(IND)	65280
44	95.930449	95.918169	95.938750	CuO_2H-	(null)	27.574734	100.00	26690	306.18	306.00	inf	0.00	0.00	0.00	0.00	0.000000E+00	-NAN(IND)	16744448
45	104.945280	104.936326	104.953174	C_2H_2OCu-	(null)	43.505308	73.88	10146	29878.03	29194.00	inf	0.00	0.03	0.00	0.00	0.000000E+00	-NAN(IND)	8421631
46	86.962873	86.952567	86.972224	C_2PO_2-	(null)	-14.560429	100.00	6085	22074.76	21758.00	inf	0.00	0.02	0.00	0.00	0.000000E+00	-NAN(IND)	4227200
47	102.958998	102.945623	102.967480	C_2PO_3-	(null)	-0.539371	100.00	9439	26657.13	26186.00	inf	0.00	0.03	0.00	0.00	0.000000E+00	-NAN(IND)	2147552
48	59.969573	59.962133	59.972359	SiO_2-	(null)	37.832118	100.00	55693	1657.73	1655.00	inf	0.00	0.00	0.00	0.00	0.000000E+00	-NAN(IND)	255
49	158.013110	158.000560	158.027191	C_13H_2-	(null)	-19.545204	100.00	8714	1437.02	1432.00	inf	0.00	0.00	0.00	0.00	0.000000E+00	-NAN(IND)	16744703
50	182.014082	181.980313	182.052330	C_15H_2-	(null)	-11.631123	100.00	7307	4789.84	4768.00	inf	0.00	0.01	0.00	0.00	0.000000E+00	-NAN(IND)	8421376
51	64.927184	64.911451	64.938234	^65Cu-	(null)	-17.833272	100.00	6447	317.14	317.00	inf	0.00	0.00	0.00	0.00	0.000000E+00	-NAN(IND)	255
52	63.943464	63.920918	63.951139	CuH-	(null)	85.853964	100.00	6829	635.32	635.00	inf	0.00	0.00	0.00	0.00	0.000000E+00	-NAN(IND)	8453888
53	76.934594	76.914310	76.943678	CuN-	(null)	17.805771	100.00	94690	1523.91	1522.00	inf	0.00	0.00	0.00	0.00	0.000000E+00	-NAN(IND)	16744448
54	77.038677	77.028265	77.076288	C_3H_9S-	(null)	-56.690177	100.00	6087	48638.52	45804.00	inf	0.00	0.05	0.00	0.00	0.000000E+00	-NAN(IND)	8388736
55	81.930294	81.915545	81.939814	CuF-	(null)	21.249301	21.31	11969	3272.14	3257.00	inf	0.00	0.00	0.00	0.00	0.000000E+00	-NAN(IND)	8404992
56	82.941939	82.915712	82.954566	HCuF-	(null)	67.052266	100.00	31213	2280.51	2276.00	inf	0.00	0.00	0.00	0.00	0.000000E+00	-NAN(IND)	8454016
57	83.928512	83.914633	83.938402	^65CuF-	(null)	21.052607	100.00	9554	296.12	296.00	inf	0.00	0.00	0.00	0.00	0.000000E+00	-NAN(IND)	16711680
58	84.937914	84.912228	84.948889	^65CuHF-	(null)	39.370410	88.31	121435	990.96	990.00	inf	0.00	0.00	0.00	0.00	0.000000E+00	-NAN(IND)	16728128
59	86.923027	86.911304	86.933225	C_2Cu-	(null)	-81.939206	100.00	4430	501.46	501.00	inf	0.00	0.00	0.00	0.00	0.000000E+00	-NAN(IND)	2147552
60	87.942744	87.928451	87.952336	LiCu^18O-	(null)	-29.227917	75.59	550625	402.20	402.00	inf	0.00	0.00	0.00	0.00	0.000000E+00	-NAN(IND)	16711680
61	88.953700	88.942384	88.961857	C_2H_2Cu-	(null)	88.816495	80.12	49095	2834.46	2826.00	inf	0.00	0.00	0.00	0.00	0.000000E+00	-NAN(IND)	8454016
62	97.934396	97.912346	97.942079	CuOF-	(null)	111.606833	24.56	174840	4024.05	4008.00	inf	0.00	0.00	0.00	0.00	0.000000E+00	-NAN(IND)	8421631
63	102.930370	102.913607	102.939688	^65CuF_2-	(null)	50.728101	100.00	189623	1157.94	1156.00	inf	0.00	0.00	0.00	0.00	0.000000E+00	-NAN(IND)	16728128
64	107.932520	107.912864	107.941308	CNCuF-	(null)	8.273639	100.00	12771	580.46	580.00	inf	0.00	0.00	0.00	0.00	0.000000E+00	-NAN(IND)	8421376
65	109.928781	109.913656	109.938358	COCuF-	(null)	48.337427	100.00	11800	425.28	425.00	inf	0.00	0.00	0.00	0.00	0.000000E+00	-NAN(IND)	8388736
66	111.021224	111.014327	111.032137	C_9H_3-	(null)	-25.215473	100.00	17842	5936.75	5614.00	inf	0.00	0.01	0.00	0.00	0.000000E+00	-NAN(IND)	8454016
67	192.895175	192.854459	192.917620	C_4H_3OCu_2-	(null)	88.315385	100.00	28047	292.08	292.00	inf	0.00	0.00	0.00	0.00	0.000000E+00	-NAN(IND)	4227200
68	192.798358	192.764296	192.825224	Cu^65Cu_2-	(null)	65.464470	100.00	4495	51.00	51.00	inf	0.00	0.00	0.00	0.00	0.000000E+00	-NAN(IND)	2147552
69	193.959877	193.929458	194.008936	C_11P_2-	(null)	60.867923	100.00	6819	2232.72	2229.00	inf	0.00	0.00	0.00	0.00	0.000000E+00	-NAN(IND)	65280
70	169.942219	169.928886	169.954476	C_9P_2-	(null)	-34.436883	100.00	9574	2134.30	2130.00	inf	0.00	0.00	0.00	0.00	0.000000E+00	-NAN(IND)	8453888
71	83.999329	83.990009	84.009447	C_7-	(null)	-14.522361	100.00	9495	12808.00	12596.00	inf	0.00	0.01	0.00	0.00	0.000000E+00	-NAN(IND)	16744448
72	107.997707	107.990582	108.011412	C_9-	(null)	-26.310339	100.00	19893	7167.27	6880.00	inf	0.00	0.01	0.00	0.00	0.000000E+00	-NAN(IND)	8421631
73	192.985794	192.954843	193.032269	C_16H-	(null)	-116.985598	100.00	4585	4870.89	4851.00	inf	0.00	0.01	0.00	0.00	0.000000E+00	-NAN(IND)	6710886
74	155.999040	155.974345	156.028886	C_13-	(null)	-9.669427	100.00	7499	5396.34	5366.00	inf	0.00	0.01	0.00	0.00	0.000000E+00	-NAN(IND)	255
75	73.008195	73.001809	73.017645	C_6H-	(null)	-2.441946	100.00	8875	85041.36	76524.00	inf	0.00	0.09	0.00	0.00	0.000000E+00	-NAN(IND)	16728128
76	95.959001	95.944562	95.969957	SO_4-	(null)	70.070153	100.00	6016	7828.05	7787.00	inf	0.00	0.01	0.00	0.00	0.000000E+00	-NAN(IND)	16744448
77	162.985965	162.965556	162.999289	C_11P-	(null)	71.516322	100.00	60543	2920.65	2908.00	inf	0.00	0.00	0.00	0.00	0.000000E+00	-NAN(IND)	16744703
78	109.004566	108.996291	109.018942	^13CC_8-	(null)	6.077734	6.35	11390	10799.23	10504.00	inf	0.00	0.01	0.00	0.00	0.000000E+00	-NAN(IND)	4227200
79	87.998524	87.992052	88.006871	C_6O-	(null)	34.784642	100.00	12310	4934.87	4794.00	inf	0.00	0.01	0.00	0.00	0.000000E+00	-NAN(IND)	16728128
80	156.999910	156.967962	157.037933	^13CC_12-	(null)	-25.436323	4.48	6457	20187.54	19901.00	inf	0.00	0.02	0.00	0.00	0.000000E+00	-NAN(IND)	8388736
81	74.014368	74.003632	74.028662	Li_2CO_3-	(null)	-39.620985	100.00	6630	17597.25	17209.00	inf	0.00	0.02	0.00	0.00	0.000000E+00	-NAN(IND)	8454016
82	134.001470	133.979810	134.045351	C_11H_2-	(null)	-109.903323	100.00	4375	9455.27	9367.00	inf	0.00	0.01	0.00	0.00	0.000000E+00	-NAN(IND)	8421631
83	110.012146	109.996161	110.025422	^13C_2C_7-	(null)	44.430968	1.09	7506	7625.60	7517.00	inf	0.00	0.01	0.00	0.00	0.000000E+00	-NAN(IND)	8454016
84	99.971979	99.961211	99.982551	C_3HPO_2-	(null)	0.144606	100.00	8784	2900.34	2891.00	inf	0.00	0.00	0.00	0.00	0.000000E+00	-NAN(IND)	255
85	58.969353	58.954417	58.981580	CPO-	(null)	2.175731	100.00	7540	13353.96	13251.00	inf	0.00	0.01	0.00	0.00	0.000000E+00	-NAN(IND)	8421631
86	105.939461	105.917666	105.946855	C_2CuF-	(null)	102.980178	100.00	23605	1414.52	1413.00	inf	0.00	0.00	0.00	0.00	0.000000E+00	-NAN(IND)	6710886
87	106.942436	106.918759	106.953754	C_2HCuF-	(null)	56.649699	18.06	8803	12764.45	12666.00	inf	0.00	0.01	0.00	0.00	0.000000E+00	-NAN(IND)	16711680
88	121.924990	121.904362	121.933004	^65CuF_3-	(null)	11.796466	57.90	48029	749.92	749.00	inf	0.00	0.00	0.00	0.00	0.000000E+00	-NAN(IND)	8421631
89	128.943798	128.921939	128.957351	C_4H_2OCu-	(null)	23.918167	100.00	9245	1859.21	1856.00	inf	0.00	0.00	0.00	0.00	0.000000E+00	-NAN(IND)	16744703
90	153.997982	153.978757	154.019749	(null)	(null)	0		7877	5272.17	5240.00	inf	0.00	0.01	0.00	0.00	0.000000E+00	-NAN(IND)	8388736
91	153.943872	153.920214	153.954428	C_6CuF-	(null)	99.520612	100.00	30431	799.74	799.00	inf	0.00	0.00	0.00	0.00	0.000000E+00	-NAN(IND)	8404992
92	119.936038	119.914693	119.942583	CuF_3-	(null)	89.047658	100.00	18963	2190.56	2187.00	inf	0.00	0.00	0.00	0.00	0.000000E+00	-NAN(IND)	16728128
93	144.905038	144.847340	144.932349	CuPO_2F-	(null)	88.989533	39.63	9106	16506.05	16299.00	inf	0.00	0.02	0.00	0.00	0.000000E+00	-NAN(IND)	4227200
94	129.936301	129.915798	129.947958	C_4CuF-	(null)	59.634872	100.00	8932	516.30	516.00	inf	0.00	0.00	0.00	0.00	0.000000E+00	-NAN(IND)	2147552
95	130.947461	130.919414	130.953595	C_4HCuF-	(null)	84.645077	100.00	65395	1869.08	1866.00	inf	0.00	0.00	0.00	0.00	0.000000E+00	-NAN(IND)	255
96	152.949004	152.921966	152.960707	C_6H_2OCu-	(null)	54.202704	100.00	274754	2043.63	2039.00	inf	0.00	0.00	0.00	0.00	0.000000E+00	-NAN(IND)	8421631
97	108.930762	108.919835	108.938020	C_2H^65CuF-	(null)	-34.964990	100.00	26070	378.38	378.00	inf	0.00	0.00	0.00	0.00	0.000000E+00	-NAN(IND)	8421376
98	108.965448	108.953331	108.972443	C_2POF_2-	(null)	-5.351251	100.00	238799	3486.24	3474.00	inf	0.00	0.00	0.00	0.00	0.000000E+00	-NAN(IND)	8421504
99	116.899788	116.883396	116.913056	CuFCl-	(null)	20.376625	100.00	8323	393.26	393.00	inf	0.00	0.00	0.00	0.00	0.000000E+00	-NAN(IND)	8388736
100	99.925290	99.910781	99.934711	^65CuOF-	(null)	36.329586	100.00	7550	312.13	312.00	inf	0.00	0.00	0.00	0.00	0.000000E+00	-NAN(IND)	8454016
101	84.985492	84.978902	84.998032	C_3H_2PO-	(null)	7.258602	100.00	32998	17599.66	15636.00	inf	0.00	0.02	0.00	0.00	0.000000E+00	-NAN(IND)	16728128
102	182.895660	182.870824	182.907822	CuPO_2F_3-	(null)	36.688707	100.00	95587	630.63	630.00	inf	0.00	0.00	0.00	0.00	0.000000E+00	-NAN(IND)	8453888
103	124.901824	124.887617	124.913925	CPCuF-	(null)	-3.925916	100.00	32912	899.95	898.00	inf	0.00	0.00	0.00	0.00	0.000000E+00	-NAN(IND)	16744703
104	114.940950	114.921104	114.954177	C_2N_2Cu-	(null)	40.477177	100.00	5974	778.73	778.00	inf	0.00	0.00	0.00	0.00	0.000000E+00	-NAN(IND)	8421504
105	160.892584	160.868728	160.902940	CuPO_3F-	(null)	34.343718	73.21	478181	1057.70	1056.00	inf	0.00	0.00	0.00	0.00	0.000000E+00	-NAN(IND)	4227200
106	112.978915	112.970331	112.986916	CH_3PO_3F-	(null)	-17.851045	100.00	10584	52819.43	50676.00	inf	0.00	0.06	0.00	0.00	0.000000E+00	-NAN(IND)	2147552
107	98.930997	98.920387	98.939801	CuOFH-	(null)	-2.989190	100.00	15231	5773.33	5704.00	inf	0.00	0.01	0.00	0.00	0.000000E+00	-NAN(IND)	6710886
108	132.869848	132.851870	132.884979	CuCl_2-	(null)	15.001717	96.84	5820	530.36	530.00	inf	0.00	0.00	0.00	0.00	0.000000E+00	-NAN(IND)	255
109	96.019760	96.014044	96.025870	N_2O_4H_4-	(null)	21.918360	100.00	9882	3021.44	2941.00	inf	0.00	0.00	0.00	0.00	0.000000E+00	-NAN(IND)	8421631
110	79.961118	79.947523	79.973445	SO_3-	(null)	46.964370	100.00	5688	24640.27	24264.00	inf	0.00	0.03	0.00	0.00	0.000000E+00	-NAN(IND)	255
111	63.964215	63.952357	63.979664	SO_2-	(null)	27.610422	100.00	4401	12811.18	12711.00	inf	0.00	0.01	0.00	0.00	0.000000E+00	-NAN(IND)	16728128
112	106.969768	106.955027	106.995866	^13CCH_3PSO-	(null)	15.355557	0.68	6184	25389.55	24664.00	inf	0.00	0.03	0.00	0.00	0.000000E+00	-NAN(IND)	4227200
113	171.983757	171.968105	172.009084	C_6H_4SO_4-	(null)	1.043690	100.00	21599	1531.23	1527.00	inf	0.00	0.00	0.00	0.00	0.000000E+00	-NAN(IND)	6710886
114	118.942637	118.927899	118.957666	NaSO_4-	(null)	4.957860	100.00	6085	2386.84	2381.00	inf	0.00	0.00	0.00	0.00	0.000000E+00	-NAN(IND)	16711680
115	170.022831	170.002322	170.051517	^13CC_13H-	(null)	65.305774	56.58	22114	1241.95	1233.00	inf	0.00	0.00	0.00	0.00	0.000000E+00	-NAN(IND)	16744703
116	61.987517	61.980160	61.997377	NO_3-	(null)	-13.708262	100.00	7356	22207.95	21775.00	inf	0.00	0.02	0.00	0.00	0.000000E+00	-NAN(IND)	16744448
117	79.016121	79.012334	79.027073	C_5H_3O-	(null)	-35.652000	100.00	24072	8605.48	3069.00	inf	0.00	0.01	0.00	0.00	0.000000E+00	-NAN(IND)	8453888
118	91.981323	91.967921	91.995256	^13CC_4P-	(null)	39.768112	5.29	6983	8157.37	8113.00	inf	0.00	0.01	0.00	0.00	0.000000E+00	-NAN(IND)	16711680
119	152.990714	152.965900	153.025398	(null)	(null)	0		5397	22747.37	22382.00	inf	0.00	0.02	0.00	0.00	0.000000E+00	-NAN(IND)	65280
120	115.979498	115.955743	116.004640	^13CC_6P-	(null)	15.807789	58.88	4294	4076.47	4064.00	inf	0.00	0.00	0.00	0.00	0.000000E+00	-NAN(IND)	8421631
121	127.984704	127.963485	128.013794	^13CC_7P-	(null)	55.005937	100.00	5178	11596.68	11504.00	inf	0.00	0.01	0.00	0.00	0.000000E+00	-NAN(IND)	8421376
122	151.984540	151.959881	152.011680	^13CC_9P-	(null)	45.237393	20.45	7321	5426.40	5379.00	inf	0.00	0.01	0.00	0.00	0.000000E+00	-NAN(IND)	8388736
123	67.977525	67.965350	67.982459	^13CC_2P-	(null)	-2.053028	21.56	30250	1746.40	1744.00	inf	0.00	0.00	0.00	0.00	0.000000E+00	-NAN(IND)	16744448
124	82.987930	82.982429	82.998476	C_4OF-	(null)	-71.522895	100.00	14006	17870.60	17069.00	inf	0.00	0.02	0.00	0.00	0.000000E+00	-NAN(IND)	16711680
125	167.901104	167.880631	167.912720	LiCuP_2OHF-	(null)	37.428721	89.64	16758	559.50	559.00	inf	0.00	0.00	0.00	0.00	0.000000E+00	-NAN(IND)	65280
126	68.024966	68.016310	68.045070	C_2H_2N_3-	(null)	-6.687554	100.00	5729	29386.54	28518.00	inf	0.00	0.03	0.00	0.00	0.000000E+00	-NAN(IND)	16711680
127	51.006343	50.997876	51.011830	LiCO_2-	(null)	-0.760608	100.00	25688	2096.78	2087.00	inf	0.00	0.00	0.00	0.00	0.000000E+00	-NAN(IND)	255
128	17.003256	16.996953	17.011620	OH-	(null)	-1.904744	100.00	5188	423981.09	339320.00	inf	0.01	0.46	0.02	0.00	0.000000E+00	-NAN(IND)	255
129	45.992546	45.980999	46.012520	NO_2-	(null)	-19.697953	100.00	5817	27689.47	27256.00	inf	0.00	0.03	0.00	0.00	0.000000E+00	-NAN(IND)	16711680
130	26.002639	25.995653	26.007745	CN-	(null)	-37.839401	100.00	5259	66589.67	64191.00	inf	0.00	0.07	0.00	0.00	0.000000E+00	-NAN(IND)	65280
131	41.998835	41.991378	42.003467	CNO-	(null)	7.101112	100.00	6409	18709.71	18367.00	inf	0.00	0.02	0.00	0.00	0.000000E+00	-NAN(IND)	16744448
132	43.989503	43.983203	43.999940	CO_2-	(null)	-19.896872	100.00	10067	5031.93	5005.00	inf	0.00	0.01	0.00	0.00	0.000000E+00	-NAN(IND)	8453888
133	36.966288	36.956300	36.983983	^37Cl-	(null)	-4.403851	100.00	5610	80845.51	77321.00	inf	0.00	0.09	0.00	0.00	0.000000E+00	-NAN(IND)	8421631
134	34.970263	34.959236	34.984197	Cl-	(null)	24.646184	98.98	5542	256209.01	223050.00	inf	0.01	0.28	0.01	0.00	0.000000E+00	-NAN(IND)	16744703
135	41.985601	41.978574	41.989330	LiCl-	(null)	4.653694	100.00	7424	6007.36	5984.00	inf	0.00	0.01	0.00	0.00	0.000000E+00	-NAN(IND)	8421376
136	127.040666	127.021883	127.073175	C_9H_5N-	(null)	-16.387311	100.00	6066	9171.46	7640.00	inf	0.00	0.01	0.00	0.00	0.000000E+00	-NAN(IND)	8421504
137	7.016341	7.012945	7.020231	Li-	(null)	-30.203833	100.00	3954	31557.08	31018.00	inf	0.00	0.03	0.00	0.00	0.000000E+00	-NAN(IND)	8388736
138	8.024176	8.020600	8.028795	LiH-	(null)	-25.084624	100.00	4550	3183.59	3178.00	inf	0.00	0.00	0.00	0.00	0.000000E+00	-NAN(IND)	8404992
139	15.995729	15.989553	16.003400	O-	(null)	16.611691	92.39	5216	999085.33	608037.00	inf	0.02	1.09	0.04	0.00	0.000000E+00	-NAN(IND)	8454016
140	31.970646	31.963659	31.974654	S-	(null)	-61.713084	100.00	7313	3557.31	3550.00	inf	0.00	0.00	0.00	0.00	0.000000E+00	-NAN(IND)	16728128
141	125.972681	125.942921	125.994581	(null)	(null)	0		6501	23519.95	23169.00	inf	0.00	0.03	0.00	0.00	0.000000E+00	-NAN(IND)	16711680
142	42.975438	42.966398	42.988038	CP-	(null)	26.256135	100.00	6126	18282.60	18087.00	inf	0.00	0.02	0.00	0.00	0.000000E+00	-NAN(IND)	255
143	54.974320	54.963659	54.988135	C_2P-	(null)	0.184350	100.00	5751	10409.82	10346.00	inf	0.00	0.01	0.00	0.00	0.000000E+00	-NAN(IND)	16711680
144	66.974443	66.961457	66.985770	C_3P-	(null)	1.977354	100.00	7674	15193.98	15052.00	inf	0.00	0.02	0.00	0.00	0.000000E+00	-NAN(IND)	65280
145	60.983112	60.977427	60.988141	CH_2PO-	(null)	-28.897995	100.00	8612	72204.61	68906.00	inf	0.00	0.08	0.00	0.00	0.000000E+00	-NAN(IND)	16744448
146	26.010907	26.007184	26.013126	C^13CH-	(null)	-31.578079	66.52	19602	35765.41	32688.00	inf	0.00	0.04	0.00	0.00	0.000000E+00	-NAN(IND)	255
147	126.038860	126.015627	126.074077	(null)	(null)	0		5638	3137.02	3065.00	inf	0.00	0.00	0.00	0.00	0.000000E+00	-NAN(IND)	16711680
148	143.040129	143.015789	143.066155	(null)	(null)	0		4632	6992.24	6831.00	inf	0.00	0.01	0.00	0.00	0.000000E+00	-NAN(IND)	65280
149	111.973703	111.950959	112.000358	(null)	(null)	0		6231	33005.65	32364.00	inf	0.00	0.04	0.00	0.00	0.000000E+00	-NAN(IND)	16744448
150	71.028778	71.019725	71.059954	Li_2F_3-	(null)	14.239438	100.00	6549	603104.52	386619.00	inf	0.01	0.66	0.02	0.00	0.000000E+00	-NAN(IND)	16711680
151	123.056742	123.040298	123.101265	Li_4F_5-	(null)	1.309546	100.00	6564	51651.97	46776.00	inf	0.00	0.06	0.00	0.00	0.000000E+00	-NAN(IND)	8421376
152	149.071221	149.046942	149.130026	Li_5F_6-	(null)	1.563528	100.00	6107	51116.45	48807.00	inf	0.00	0.06	0.00	0.00	0.000000E+00	-NAN(IND)	8453888
153	97.042246	97.032432	97.082133	Li_3F_4-	(null)	0.743687	94.19	7272	136268.81	117068.00	inf	0.00	0.15	0.00	0.00	0.000000E+00	-NAN(IND)	255
154	175.083913	175.055081	175.153055	Li_6F_7-	(null)	-8.462590	100.00	7266	5022.20	4970.00	inf	0.00	0.01	0.00	0.00	0.000000E+00	-NAN(IND)	16711680
155	122.056926	122.044897	122.094347	Li_3^6LiF_5-	(null)	10.056333	96.30	7085	16068.30	15712.00	inf	0.00	0.02	0.00	0.00	0.000000E+00	-NAN(IND)	8421631
156	96.041131	96.029342	96.065202	Li_2^6LiF_4-	(null)	-1.676455	100.00	6552	31946.29	30742.00	inf	0.00	0.03	0.00	0.00	0.000000E+00	-NAN(IND)	16744703
157	70.027235	70.016739	70.051642	Li^6LiF_3-	(null)	5.011834	100.00	6153	103067.06	95574.00	inf	0.00	0.11	0.00	0.00	0.000000E+00	-NAN(IND)	8421376
158	148.070649	148.049973	148.118171	Li_4^6LiF_6-	(null)	3.664884	100.00	6239	20277.37	19924.00	inf	0.00	0.02	0.00	0.00	0.000000E+00	-NAN(IND)	8421504
159	174.085997	174.063174	174.155881	Li_5^6LiF_7-	(null)	8.522547	100.00	6956	2261.29	2254.00	inf	0.00	0.00	0.00	0.00	0.000000E+00	-NAN(IND)	8388736
160	26.014713	26.012505	26.026680	LiF-	(null)	-9.348416	100.00	9505	44020.48	38808.00	inf	0.00	0.05	0.00	0.00	0.000000E+00	-NAN(IND)	255
161	45.013831	45.006795	45.029013	LiF_2-	(null)	10.495150	100.00	5922	752436.62	464353.00	inf	0.02	0.82	0.03	0.00	0.000000E+00	-NAN(IND)	16711680
162	44.012464	44.002801	44.026440	^6LiF_2-	(null)	-0.294004	92.82	5684	68395.48	65356.00	inf	0.00	0.07	0.00	0.00	0.000000E+00	-NAN(IND)	65280
163	64.013943	64.007498	64.019485	LiF_3-	(null)	34.072033	100.00	8886	2962.78	2890.00	inf	0.00	0.00	0.00	0.00	0.000000E+00	-NAN(IND)	8453888
164	90.028548	90.019404	90.038845	Li_2F_4-	(null)	26.417168	100.00	13615	3971.09	3919.00	inf	0.00	0.00	0.00	0.00	0.000000E+00	-NAN(IND)	8421631
165	109.030108	109.016833	109.052963	Li_2F_5-	(null)	50.775530	100.00	8972	7484.30	7226.00	inf	0.00	0.01	0.00	0.00	0.000000E+00	-NAN(IND)	16744703
166	102.008754	101.998313	102.021118	LiF_5-	(null)	1.820482	100.00	256724	1729.22	1696.00	inf	0.00	0.00	0.00	0.00	0.000000E+00	-NAN(IND)	8421504
167	56.997257	56.991433	57.005670	F_3-	(null)	26.300267	100.00	8613	5340.45	5292.00	inf	0.00	0.01	0.00	0.00	0.000000E+00	-NAN(IND)	8388736
168	42.010782	42.003775	42.020608	LiOF-	(null)	21.701605	100.00	5845	57383.95	54033.00	inf	0.00	0.06	0.00	0.00	0.000000E+00	-NAN(IND)	16711680
169	52.029085	52.022723	52.045611	Li_2F_2-	(null)	-5.337993	100.00	7164	9028.35	8769.00	inf	0.00	0.01	0.00	0.00	0.000000E+00	-NAN(IND)	255
170	33.029514	33.022173	33.041122	Li_2F-	(null)	-43.767605	100.00	5836	8765.50	8695.00	inf	0.00	0.01	0.00	0.00	0.000000E+00	-NAN(IND)	16711680
171	78.044328	78.036729	78.064589	Li_3F_3-	(null)	7.144645	100.00	8515	3771.94	3717.00	inf	0.00	0.00	0.00	0.00	0.000000E+00	-NAN(IND)	65280
172	94.951173	94.938780	94.960364	PO_4-	(null)	-29.441427	100.00	7157	4709.79	4685.00	inf	0.00	0.01	0.00	0.00	0.000000E+00	-NAN(IND)	255
173	46.969095	46.957332	46.985935	PO-	(null)	-2.753493	100.00	6033	55283.62	53617.00	inf	0.00	0.06	0.00	0.00	0.000000E+00	-NAN(IND)	16711680
174	30.974944	30.966085	30.987993	P-	(null)	20.475121	100.00	5719	15572.29	15439.00	inf	0.00	0.02	0.00	0.00	0.000000E+00	-NAN(IND)	65280
175	62.966080	62.948617	62.995284	PO_2-	(null)	30.814083	100.00	5883	1153274.46	648786.00	inf	0.02	1.26	0.04	0.00	0.000000E+00	-NAN(IND)	16744448
176	78.961807	78.942213	78.987397	PO_3-	(null)	34.872901	100.00	5766	1721946.73	744655.00	inf	0.03	1.88	0.06	0.01	0.000000E+00	-NAN(IND)	8453888
177	49.972510	49.961616	49.985755	PF-	(null)	-4.063682	100.00	6995	6123.77	6102.00	inf	0.00	0.01	0.00	0.00	0.000000E+00	-NAN(IND)	8421631
178	126.974940	126.951076	126.988628	LiPO_2F_3-	(null)	-3.254556	100.00	7735	157153.59	143622.00	inf	0.01	0.17	0.01	0.00	0.000000E+00	-NAN(IND)	16744703
179	94.986685	94.974465	95.000513	LiPF_3-	(null)	12.224318	100.00	7675	25380.23	24763.00	inf	0.00	0.03	0.00	0.00	0.000000E+00	-NAN(IND)	8421504
180	104.971915	104.955726	104.997378	LiPO_3F-	(null)	-14.730715	100.00	6327	195048.12	168367.00	inf	0.01	0.21	0.01	0.00	0.000000E+00	-NAN(IND)	8388736
181	148.938360	148.912718	148.961063	PO_5F_2-	(null)	-49.210471	100.00	7199	48750.45	47308.00	inf	0.00	0.05	0.00	0.00	0.000000E+00	-NAN(IND)	8404992
182	164.934835	164.912090	164.975635	LiP_2O_6-	(null)	7.710804	100.00	6721	72686.67	69378.00	inf	0.00	0.08	0.00	0.00	0.000000E+00	-NAN(IND)	8454016
183	183.933475	183.910822	183.961513	PO_6F_3-	(null)	-30.077700	100.00	6865	5241.65	5223.00	inf	0.00	0.01	0.00	0.00	0.000000E+00	-NAN(IND)	16728128
184	190.948260	190.920994	190.980881	LiPO_6F_3-	(null)	-35.355268	100.00	6309	6287.68	6259.00	inf	0.00	0.01	0.00	0.00	0.000000E+00	-NAN(IND)	4227200
185	123.970171	123.955614	123.983717	LiPO_3F_2-	(null)	-13.663224	100.00	8747	11396.79	11262.00	inf	0.00	0.01	0.00	0.00	0.000000E+00	-NAN(IND)	2147552
186	107.975390	107.959348	107.990543	LiPO_2F_2-	(null)	-14.448275	100.00	7026	32080.03	31449.00	inf	0.00	0.03	0.00	0.00	0.000000E+00	-NAN(IND)	6710886
187	85.974405	85.959509	85.985045	LiPO_3-	(null)	-7.596563	100.00	6521	13182.73	13072.00	inf	0.00	0.01	0.00	0.00	0.000000E+00	-NAN(IND)	255
188	101.967988	101.951550	101.993190	LiPO_4-	(null)	-19.461612	100.00	5528	15449.00	15290.00	inf	0.00	0.02	0.00	0.00	0.000000E+00	-NAN(IND)	16711680
189	69.981785	69.962886	69.990657	LiPO_2-	(null)	23.462038	100.00	6128	4141.12	4128.00	inf	0.00	0.00	0.00	0.00	0.000000E+00	-NAN(IND)	65280
190	53.984208	53.974775	53.992146	LiPO-	(null)	-18.910828	100.00	8469	892.37	891.00	inf	0.00	0.00	0.00	0.00	0.000000E+00	-NAN(IND)	16744448
191	167.936455	167.913942	167.956968	PO_5F_3-	(null)	-45.478517	100.00	8092	10120.95	10055.00	inf	0.00	0.01	0.00	0.00	0.000000E+00	-NAN(IND)	8453888
192	132.945129	132.929738	132.973547	PO_4F_2-	(null)	-42.463699	100.00	7395	34941.28	34175.00	inf	0.00	0.04	0.00	0.00	0.000000E+00	-NAN(IND)	8421631
193	161.011783	160.986032	161.032995	C_5H_6PO_4-	(null)	67.479604	100.00	7147	10868.32	10708.00	inf	0.00	0.01	0.00	0.00	0.000000E+00	-NAN(IND)	16744703
194	139.004077	138.978776	139.034545	C_3H_8PO_4-	(null)	-89.860171	100.00	3972	17675.16	17419.00	inf	0.00	0.02	0.00	0.00	0.000000E+00	-NAN(IND)	8421376
195	103.970377	103.950969	103.990602	POF_3-	(null)	57.157675	100.00	6889	20526.37	20227.00	inf	0.00	0.02	0.00	0.00	0.000000E+00	-NAN(IND)	8421504
196	110.980356	110.963540	110.996977	LiPOF_3-	(null)	-0.744850	100.00	7290	36368.22	35479.00	inf	0.00	0.04	0.00	0.00	0.000000E+00	-NAN(IND)	8388736
197	101.945016	101.925704	101.953481	C_2P_2O-	(null)	19.907171	100.00	77497	1791.69	1789.00	inf	0.00	0.00	0.00	0.00	0.000000E+00	-NAN(IND)	16728128
198	128.990324	128.971074	129.011714	C_8H_2P-	(null)	2.823983	100.00	7385	12392.79	12260.00	inf	0.00	0.01	0.00	0.00	0.000000E+00	-NAN(IND)	4227200
199	187.027644	187.005004	187.060173	Li_5PO_4F_3-	(null)	-8.308254	100.00	7554	7164.78	6741.00	inf	0.00	0.01	0.00	0.00	0.000000E+00	-NAN(IND)	2147552
200	158.962106	158.946918	158.978906	LiPO_4F_3-	(null)	-19.348254	100.00	8014	3462.52	3446.00	inf	0.00	0.00	0.00	0.00	0.000000E+00	-NAN(IND)	6710886
201	139.968576	139.955345	139.984401	LiPO_4F_2-	(null)	12.837544	100.00	8419	4195.98	4174.00	inf	0.00	0.00	0.00	0.00	0.000000E+00	-NAN(IND)	255
202	122.960374	122.943386	122.971268	POF_4-	(null)	-20.034705	100.00	7860	81415.25	76605.00	inf	0.00	0.09	0.00	0.00	0.000000E+00	-NAN(IND)	65280
203	141.960939	141.945033	141.985914	POF_5-	(null)	-2.126839	100.00	7562	6769.92	6722.00	inf	0.00	0.01	0.00	0.00	0.000000E+00	-NAN(IND)	16744448
204	65.967370	65.950908	65.985961	POF-	(null)	-3.914889	100.00	6304	31532.99	30978.00	inf	0.00	0.03	0.00	0.00	0.000000E+00	-NAN(IND)	8453888
205	84.965929	84.945717	84.990745	POF_2-	(null)	-1.199270	100.00	6251	111179.01	104574.00	inf	0.00	0.12	0.00	0.00	0.000000E+00	-NAN(IND)	8421631
206	98.965798	98.950207	98.989199	PO_3HF-	(null)	5.214208	100.00	6133	170389.52	152661.00	inf	0.01	0.19	0.01	0.00	0.000000E+00	-NAN(IND)	16744703
207	97.957329	97.936575	97.988522	PO_3F-	(null)	-1.312446	100.00	6189	164691.01	150195.00	inf	0.01	0.18	0.01	0.00	0.000000E+00	-NAN(IND)	8421376
208	81.962245	81.941869	81.991676	PO_2F-	(null)	-3.630287	100.00	5968	329920.46	275605.00	inf	0.01	0.36	0.01	0.00	0.000000E+00	-NAN(IND)	8421504
209	100.964507	100.941267	100.989772	PO_2F_2-	(null)	35.277398	100.00	5957	1909861.76	779117.00	inf	0.03	2.08	0.07	0.01	0.000000E+00	-NAN(IND)	8388736
210	160.922013	160.900961	160.952736	P_2O_5F-	(null)	5.998731	100.00	7398	10688.74	10610.00	inf	0.00	0.01	0.00	0.00	0.000000E+00	-NAN(IND)	8404992
211	144.968836	144.941897	144.999834	PF_6-	(null)	28.330338	100.00	6609	1195964.77	654755.00	inf	0.02	1.30	0.04	0.01	0.000000E+00	-NAN(IND)	8454016
212	80.961768	80.945490	80.971676	P^18OO_2-	(null)	-18.924510	100.00	5650	16271.16	16026.00	inf	0.00	0.02	0.00	0.00	0.000000E+00	-NAN(IND)	16728128
213	105.030957	105.016984	105.051262	LiH_3F_5-	(null)	-10.348140	100.00	6823	7470.75	6224.00	inf	0.00	0.01	0.00	0.00	0.000000E+00	-NAN(IND)	4227200
214	81.032360	81.024149	81.050918	CHOLi_2F_2-	(null)	3.178903	100.00	7064	16552.55	16004.00	inf	0.00	0.02	0.00	0.00	0.000000E+00	-NAN(IND)	2147552
215	126.996365	126.988323	127.020279	Li_2PO_5H_2-	(null)	-1.391066	72.89	24372	50303.08	41112.00	inf	0.00	0.05	0.00	0.00	0.000000E+00	-NAN(IND)	6710886
216	122.985880	122.974751	123.010848	C_2H_4PO_4-	(null)	4.974397	100.00	9423	74561.45	63820.00	inf	0.00	0.08	0.00	0.00	0.000000E+00	-NAN(IND)	8421376
217	170.977924	170.954448	171.028540	C_6H_4PO_4-	(null)	-42.957523	100.00	5362	25319.45	24357.00	inf	0.00	0.03	0.00	0.00	0.000000E+00	-NAN(IND)	255
218	68.009889	68.003961	68.013876	CH_2OF_2-	(null)	28.953822	100.00	34642	4038.67	3998.00	inf	0.00	0.00	0.00	0.00	0.000000E+00	-NAN(IND)	16711680
219	95.013848	95.000975	95.033723	C_2H_4O_3F-	(null)	-12.079653	100.00	8567	24816.47	23633.00	inf	0.00	0.03	0.00	0.00	0.000000E+00	-NAN(IND)	65280
220	81.013868	81.002206	81.021770	C_5H_2F-	(null)	-9.060982	100.00	10361	8329.35	8060.00	inf	0.00	0.01	0.00	0.00	0.000000E+00	-NAN(IND)	16744448
221	37.996779	37.991070	38.000942	F_2-	(null)	-15.148552	100.00	7292	11301.20	11223.00	inf	0.00	0.01	0.00	0.00	0.000000E+00	-NAN(IND)	8453888
222	77.020078	77.011352	77.027473	C_3H_3F_2-	(null)	-9.768507	100.00	8979	12014.35	11538.00	inf	0.00	0.01	0.00	0.00	0.000000E+00	-NAN(IND)	8421631
223	97.027360	97.017773	97.033392	C_3H_4F_3-	(null)	3.107293	100.00	73167	36700.01	34089.00	inf	0.00	0.04	0.00	0.00	0.000000E+00	-NAN(IND)	16744703
224	96.963930	96.942060	96.973320	CPOF_2-	(null)	-21.667565	100.00	8292	10951.87	10866.00	inf	0.00	0.01	0.00	0.00	0.000000E+00	-NAN(IND)	255
225	124.978413	124.963535	124.988540	C_5H_2PO_2-	(null)	-11.013014	100.00	8007	40802.57	39615.00	inf	0.00	0.04	0.00	0.00	0.000000E+00	-NAN(IND)	16711680
226	89.038625	89.031014	89.063211	C_4H_6OF-	(null)	-24.615786	100.00	10268	11046.54	8906.00	inf	0.00	0.01	0.00	0.00	0.000000E+00	-NAN(IND)	65280
227	34.994215	34.987049	35.002145	OF-	(null)	9.972250	100.00	6555	10234.27	7688.00	inf	0.00	0.01	0.00	0.00	0.000000E+00	-NAN(IND)	16744448
228	122.033611	122.014171	122.046820	C_5H_5F_3-	(null)	-10.429672	100.00	88748	9792.00	9672.00	inf	0.00	0.01	0.00	0.00	0.000000E+00	-NAN(IND)	8453888
229	52.016949	52.009547	52.022436	CH_2F_2-	(null)	75.833190	100.00	6618	11269.15	11066.00	inf	0.00	0.01	0.00	0.00	0.000000E+00	-NAN(IND)	8421631
230	86.982055	86.971885	86.992493	LiPO_3H-	(null)	-9.520571	100.00	5544	41218.19	39282.00	inf	0.00	0.04	0.00	0.00	0.000000E+00	-NAN(IND)	16744703
231	18.999749	18.992839	19.014344	F-	(null)	41.966841	100.00	4254	4669813.59	910675.00	inf	0.03	5.09	0.17	0.02	0.000000E+00	-NAN(IND)	8421376
232	114.992188	114.983134	115.006732	C_8F-	(null)	-58.812486	88.18	9245	23665.64	23079.00	inf	0.00	0.03	0.00	0.00	0.000000E+00	-NAN(IND)	255
233	30.999166	30.992075	31.007566	CF-	(null)	6.918131	100.00	5887	7108.73	6961.00	inf	0.00	0.01	0.00	0.00	0.000000E+00	-NAN(IND)	16711680
234	42.998013	42.992579	43.005266	C_2F-	(null)	-21.835401	100.00	6087	11871.85	11529.00	inf	0.00	0.01	0.00	0.00	0.000000E+00	-NAN(IND)	65280
235	54.997818	54.990102	55.005839	C_3F-	(null)	-20.608596	100.00	7977	3095.05	3053.00	inf	0.00	0.00	0.00	0.00	0.000000E+00	-NAN(IND)	16744448
236	85.996629	85.988290	86.004908	C_4F_2-	(null)	-8.439603	100.00	10205	11489.60	11225.00	inf	0.00	0.01	0.00	0.00	0.000000E+00	-NAN(IND)	8453888
237	31.980330	31.975566	31.984099	PH-	(null)	-56.432811	100.00	7140	10564.22	10459.00	inf	0.00	0.01	0.00	0.00	0.000000E+00	-NAN(IND)	16711680
238	47.976731	47.971621	47.984564	POH-	(null)	-6.651018	100.00	7812	12608.88	12474.00	inf	0.00	0.01	0.00	0.00	0.000000E+00	-NAN(IND)	8421631
239	88.978136	88.964241	88.996002	LiPO_2F-	(null)	-4.616301	100.00	6412	227671.30	200531.00	inf	0.01	0.25	0.01	0.00	0.000000E+00	-NAN(IND)	16744703
240	89.020272	89.012018	89.029211	C_4H_3F_2-	(null)	-6.264097	100.00	10480	19855.08	14963.00	inf	0.00	0.02	0.00	0.00	0.000000E+00	-NAN(IND)	8421376
241	93.013530	93.004376	93.023126	C_6H_2F-	(null)	-11.528029	100.00	14051	15509.50	15151.00	inf	0.00	0.02	0.00	0.00	0.000000E+00	-NAN(IND)	8421504
242	92.995024	92.982093	93.003921	C_2H_2O_3F-	(null)	-46.466129	100.00	8506	9485.81	9385.00	inf	0.00	0.01	0.00	0.00	0.000000E+00	-NAN(IND)	8388736
243	163.015785	162.998463	163.041396	C_5H_8PO_4-	(null)	-4.808151	100.00	7145	6653.76	6596.00	inf	0.00	0.01	0.00	0.00	0.000000E+00	-NAN(IND)	255
244	41.004456	40.993769	41.016960	C_2HO-	(null)	28.484249	100.00	5578	392455.64	316303.00	inf	0.01	0.43	0.01	0.00	0.000000E+00	-NAN(IND)	255
245	117.032384	117.023225	117.042934	C_8H_5O-	(null)	-18.833026	100.00	14307	5711.89	5616.00	inf	0.00	0.01	0.00	0.00	0.000000E+00	-NAN(IND)	16711680
246	133.066295	133.052568	133.107638	C_9H_9O-	(null)	3.052658	100.00	9713	1981.03	1956.00	inf	0.00	0.00	0.00	0.00	0.000000E+00	-NAN(IND)	65280
247	37.007760	36.997023	37.023417	C_3H-	(null)	-16.589220	100.00	5549	86966.82	78475.00	inf	0.00	0.09	0.00	0.00	0.000000E+00	-NAN(IND)	16744448
248	38.015753	38.006415	38.030258	C_3H_2-	(null)	-11.718138	100.00	5474	58271.94	55557.00	inf	0.00	0.06	0.00	0.00	0.000000E+00	-NAN(IND)	8453888
249	39.023670	39.015757	39.036683	C_3H_3-	(null)	-9.074072	100.00	5616	26004.33	25295.00	inf	0.00	0.03	0.00	0.00	0.000000E+00	-NAN(IND)	8421631
250	39.995455	39.986422	40.010282	C_2O-	(null)	-0.201673	100.00	5855	65942.09	63588.00	inf	0.00	0.07	0.00	0.00	0.000000E+00	-NAN(IND)	16744703
251	50.015363	50.006961	50.042984	C_4H_2-	(null)	-16.710314	100.00	4804	44872.17	43198.00	inf	0.00	0.05	0.00	0.00	0.000000E+00	-NAN(IND)	8421504
252	62.016170	62.006143	62.043522	C_5H_2-	(null)	-0.469182	100.00	6074	54060.48	50800.00	inf	0.00	0.06	0.00	0.00	0.000000E+00	-NAN(IND)	8388736
253	93.034459	93.024011	93.078525	C_6H_5O-	(null)	-1.388864	100.00	6752	29183.12	27858.00	inf	0.00	0.03	0.00	0.00	0.000000E+00	-NAN(IND)	8404992
254	13.008450	13.003645	13.014191	CH-	(null)	5.891976	100.00	4904	378722.37	309925.00	inf	0.01	0.41	0.01	0.00	0.000000E+00	-NAN(IND)	8454016
255	14.016047	14.012480	14.022626	CH_2-	(null)	-10.854475	100.00	5085	46489.24	45183.00	inf	0.00	0.05	0.00	0.00	0.000000E+00	-NAN(IND)	16728128
256	15.024393	15.021312	15.035023	CH_3-	(null)	24.602137	100.00	5010	3312.67	3304.00	inf	0.00	0.00	0.00	0.00	0.000000E+00	-NAN(IND)	4227200
257	27.022320	27.017126	27.032135	C_2H_3-	(null)	-63.039913	29.13	4931	39036.37	38115.00	inf	0.00	0.04	0.00	0.00	0.000000E+00	-NAN(IND)	2147552
258	41.039154	41.033436	41.047140	C_3H_5-	(null)	-12.666374	100.00	6828	4883.93	3172.00	inf	0.00	0.01	0.00	0.00	0.000000E+00	-NAN(IND)	6710886
259	40.030930	40.026988	40.040815	C_3H_4-	(null)	-22.940546	100.00	8012	4937.03	4565.00	inf	0.00	0.01	0.00	0.00	0.000000E+00	-NAN(IND)	255
260	53.037478	53.029873	53.050340	C_4H_5-	(null)	-41.397950	56.58	6326	16196.57	15213.00	inf	0.00	0.02	0.00	0.00	0.000000E+00	-NAN(IND)	16711680
261	91.054153	91.047801	91.065246	C_7H_7-	(null)	-12.855809	100.00	10604	2852.07	2762.00	inf	0.00	0.00	0.00	0.00	0.000000E+00	-NAN(IND)	16744448
262	115.055516	115.047648	115.070130	C_9H_7-	(null)	1.669148	100.00	14016	3152.69	3031.00	inf	0.00	0.00	0.00	0.00	0.000000E+00	-NAN(IND)	8453888
263	95.045990	95.036006	95.066805	C_6H_7O-	(null)	-44.695102	100.00	6956	11817.70	11152.00	inf	0.00	0.01	0.00	0.00	0.000000E+00	-NAN(IND)	16744703
264	69.032913	69.025722	69.045237	C_4H_5O-	(null)	-24.266068	100.00	7180	51716.44	45092.00	inf	0.00	0.06	0.00	0.00	0.000000E+00	-NAN(IND)	8421376
265	58.005672	57.996526	58.016628	C_2H_2O_2-	(null)	-6.138330	100.00	6744	36771.77	35744.00	inf	0.00	0.04	0.00	0.00	0.000000E+00	-NAN(IND)	8421504
266	87.976267	87.961683	87.991214	C_2O_4-	(null)	-44.789057	100.00	6940	22850.94	22544.00	inf	0.00	0.02	0.00	0.00	0.000000E+00	-NAN(IND)	8388736
267	43.019332	43.008661	43.041013	C_2H_3O-	(null)	9.153566	100.00	5557	142667.59	128201.00	inf	0.00	0.16	0.01	0.00	0.000000E+00	-NAN(IND)	16711680
268	49.026513	49.021567	49.049788	CH_5O_2-	(null)	-60.988031	100.00	7392	20186.59	14536.00	inf	0.00	0.02	0.00	0.00	0.000000E+00	-NAN(IND)	65280
269	73.026309	73.019907	73.053557	C_3H_5O_2-	(null)	-43.732984	100.00	8547	30511.95	25710.00	inf	0.00	0.03	0.00	0.00	0.000000E+00	-NAN(IND)	16744448
270	75.023310	75.014987	75.036451	C_6H_3-	(null)	-9.511269	100.00	7730	33502.03	32239.00	inf	0.00	0.04	0.00	0.00	0.000000E+00	-NAN(IND)	8453888
271	85.026897	85.015668	85.057653	C_4H_5O_2-	(null)	-30.652654	100.00	7720	19153.46	17101.00	inf	0.00	0.02	0.00	0.00	0.000000E+00	-NAN(IND)	8421631
272	86.014710	86.004961	86.031683	C_7H_2-	(null)	-17.304267	100.00	8082	21045.71	20211.00	inf	0.00	0.02	0.00	0.00	0.000000E+00	-NAN(IND)	16744703
273	91.016444	91.004463	91.026453	C_6H_3O-	(null)	-27.409422	100.00	8739	13083.06	12813.00	inf	0.00	0.01	0.00	0.00	0.000000E+00	-NAN(IND)	8421376
274	51.022790	51.011783	51.039070	C_4H_3-	(null)	-24.176030	100.00	6085	109691.69	102922.00	inf	0.00	0.12	0.00	0.00	0.000000E+00	-NAN(IND)	8421504
275	121.030445	121.015965	121.058242	C_7H_5O_2-	(null)	7.785848	100.00	6862	72706.19	66988.00	inf	0.00	0.08	0.00	0.00	0.000000E+00	-NAN(IND)	8388736
276	120.020889	120.007481	120.037266	C_7H_4O_2-	(null)	-6.576969	100.00	9892	3682.07	3649.00	inf	0.00	0.00	0.00	0.00	0.000000E+00	-NAN(IND)	8404992
277	31.018347	31.009645	31.033154	CH_3O-	(null)	-19.076213	100.00	5299	18368.19	17995.00	inf	0.00	0.02	0.00	0.00	0.000000E+00	-NAN(IND)	8454016
278	47.012482	47.002841	47.031133	CH_3O_2-	(null)	-29.152455	100.00	4396	2156.93	2056.00	inf	0.00	0.00	0.00	0.00	0.000000E+00	-NAN(IND)	16728128
279	55.018466	55.005969	55.049593	C_3H_3O-	(null)	-8.577722	100.00	5779	36421.13	35221.00	inf	0.00	0.04	0.00	0.00	0.000000E+00	-NAN(IND)	4227200
280	59.013927	59.001036	59.037835	C_2H_3O_2-	(null)	1.255585	100.00	5873	42241.55	40114.00	inf	0.00	0.05	0.00	0.00	0.000000E+00	-NAN(IND)	2147552
281	63.994466	63.982700	64.006981	C_4O-	(null)	-15.580484	100.00	6811	9985.45	9784.00	inf	0.00	0.01	0.00	0.00	0.000000E+00	-NAN(IND)	6710886
282	65.002791	64.988499	65.015749	C_4HO-	(null)	-7.655222	100.00	6521	87511.53	82639.00	inf	0.00	0.10	0.00	0.00	0.000000E+00	-NAN(IND)	255
283	66.010138	66.000424	66.023564	C_4H_2O-	(null)	-14.777514	100.00	5936	25695.15	24368.00	inf	0.00	0.03	0.00	0.00	0.000000E+00	-NAN(IND)	16711680
284	67.017916	67.007027	67.032096	C_4H_3O-	(null)	-15.258848	100.00	6114	95376.32	86841.00	inf	0.00	0.10	0.00	0.00	0.000000E+00	-NAN(IND)	65280
285	67.989935	67.983065	67.999337	C_3O_2-	(null)	-6.512602	100.00	8474	4295.20	4275.00	inf	0.00	0.00	0.00	0.00	0.000000E+00	-NAN(IND)	16744448
286	68.997274	68.984568	69.009754	C_3HO_2-	(null)	-13.460770	100.00	6630	81018.49	77073.00	inf	0.00	0.09	0.00	0.00	0.000000E+00	-NAN(IND)	8453888
287	71.013635	71.005436	71.019130	C_3H_3O_2-	(null)	-3.067233	100.00	61488	84697.40	77223.00	inf	0.00	0.09	0.00	0.00	0.000000E+00	-NAN(IND)	8421631
288	77.001215	76.992624	77.009271	C_5HO-	(null)	-26.926556	100.00	10620	9282.43	8893.00	inf	0.00	0.01	0.00	0.00	0.000000E+00	-NAN(IND)	16744703
289	64.030509	64.021955	64.064667	C_5H_4-	(null)	-20.919553	100.00	6806	14297.42	13952.00	inf	0.00	0.02	0.00	0.00	0.000000E+00	-NAN(IND)	8421376
290	84.019562	84.006802	84.049915	C_4H_4O_2-	(null)	-25.189247	100.00	6691	24440.04	23609.00	inf	0.00	0.03	0.00	0.00	0.000000E+00	-NAN(IND)	255
291	53.002943	52.993378	53.015353	C_3HO-	(null)	-6.514397	100.00	6366	44087.92	42958.00	inf	0.00	0.05	0.00	0.00	0.000000E+00	-NAN(IND)	8421376
292	70.005357	69.994523	70.015279	C_3H_2O_2-	(null)	-9.581959	100.00	6708	12261.72	12108.00	inf	0.00	0.01	0.00	0.00	0.000000E+00	-NAN(IND)	8421504
293	48.019856	48.013559	48.032549	CH_4O_2-	(null)	-37.949722	100.00	6007	6307.76	5644.00	inf	0.00	0.01	0.00	0.00	0.000000E+00	-NAN(IND)	8388736
294	57.032470	57.020193	57.051124	C_3H_5O-	(null)	-37.138776	100.00	5760	22394.93	21838.00	inf	0.00	0.02	0.00	0.00	0.000000E+00	-NAN(IND)	8404992
295	44.997517	44.991037	45.003786	CHO_2-	(null)	-15.237264	100.00	6960	61294.94	58375.00	inf	0.00	0.07	0.00	0.00	0.000000E+00	-NAN(IND)	8454016
296	125.021890	125.014041	125.033126	C_6H_5O_3-	(null)	-20.217598	100.00	21027	6873.89	6338.00	inf	0.00	0.01	0.00	0.00	0.000000E+00	-NAN(IND)	16728128
297	113.019138	113.010368	113.032532	C_5H_5O_3-	(null)	-46.713634	100.00	21891	8677.59	7791.00	inf	0.00	0.01	0.00	0.00	0.000000E+00	-NAN(IND)	4227200
298	32.023749	32.015429	32.045759	CH_4O-	(null)	-94.115647	100.00	4814	3984.91	3914.00	inf	0.00	0.00	0.00	0.00	0.000000E+00	-NAN(IND)	2147552
299	83.012832	82.999638	83.033775	C_4H_3O_2-	(null)	-12.299610	100.00	5318	16895.78	15869.00	inf	0.00	0.02	0.00	0.00	0.000000E+00	-NAN(IND)	6710886
300	99.006385	98.996361	99.016778	C_4H_3O_3-	(null)	-24.061570	100.00	9132	19732.46	16008.00	inf	0.00	0.02	0.00	0.00	0.000000E+00	-NAN(IND)	255
301	82.003464	81.992535	82.015171	C_4H_2O_2-	(null)	-31.259199	100.00	7010	11317.60	7856.00	inf	0.00	0.01	0.00	0.00	0.000000E+00	-NAN(IND)	16711680
302	78.011175	77.996274	78.024791	C_5H_2O-	(null)	0.787801	100.00	7112	6880.02	6725.00	inf	0.00	0.01	0.00	0.00	0.000000E+00	-NAN(IND)	65280
303	99.042134	99.032021	99.079890	C_5H_7O_2-	(null)	-30.485091	100.00	9278	9423.59	8663.00	inf	0.00	0.01	0.00	0.00	0.000000E+00	-NAN(IND)	255
304	171.066558	171.046597	171.114974	C_8H_11O_4-	(null)	1.613846	100.00	6864	2155.03	2117.00	inf	0.00	0.00	0.00	0.00	0.000000E+00	-NAN(IND)	16711680
305	153.053544	153.032026	153.119863	C_8H_9O_3-	(null)	-14.199388	100.00	10348	5476.63	5341.00	inf	0.00	0.01	0.00	0.00	0.000000E+00	-NAN(IND)	65280
306	165.016827	164.994814	165.041024	C_8H_5O_4-	(null)	-15.184408	100.00	4417	5758.09	5422.00	inf	0.00	0.01	0.00	0.00	0.000000E+00	-NAN(IND)	16744448
307	87.022002	87.014207	87.034776	C_7H_3-	(null)	-23.230723	100.00	8227	11399.43	10277.00	inf	0.00	0.01	0.00	0.00	0.000000E+00	-NAN(IND)	8453888
308	88.030464	88.018748	88.060491	C_7H_4-	(null)	-15.724145	100.00	6217	7636.25	7381.00	inf	0.00	0.01	0.00	0.00	0.000000E+00	-NAN(IND)	8421631
309	109.062549	109.052112	109.119706	C_7H_9O-	(null)	-30.615411	100.00	10801	2885.37	2817.00	inf	0.00	0.00	0.00	0.00	0.000000E+00	-NAN(IND)	16744703
310	60.992584	60.989632	60.999188	CHO_3-	(null)	-8.740539	100.00	37756	21953.32	19748.00	inf	0.00	0.02	0.00	0.00	0.000000E+00	-NAN(IND)	255
311	54.010653	53.996038	54.031735	C_3H_2O-	(null)	-8.512553	100.00	4761	6839.03	6800.00	inf	0.00	0.01	0.00	0.00	0.000000E+00	-NAN(IND)	16711680
312	51.995009	51.984523	52.007986	C_3O-	(null)	-8.737574	100.00	6330	10490.82	10426.00	inf	0.00	0.01	0.00	0.00	0.000000E+00	-NAN(IND)	65280
313	72.992218	72.986151	72.998450	C_2HO_3-	(null)	-12.318630	100.00	8552	26649.93	25802.00	inf	0.00	0.03	0.00	0.00	0.000000E+00	-NAN(IND)	16744448
314	75.008029	74.998511	75.014847	C_2H_3O_3-	(null)	-9.841868	100.00	9628	13301.13	13113.00	inf	0.00	0.01	0.00	0.00	0.000000E+00	-NAN(IND)	8453888
315	91.036161	91.028966	91.047206	C_3H_7O_3-	(null)	-42.909048	100.00	10798	7975.48	7726.00	inf	0.00	0.01	0.00	0.00	0.000000E+00	-NAN(IND)	65280
316	29.001193	28.992922	29.015017	CHO-	(null)	-72.254694	100.00	5710	4809.99	4796.00	inf	0.00	0.01	0.00	0.00	0.000000E+00	-NAN(IND)	8421631
317	56.026005	56.014319	56.053855	C_3H_4O-	(null)	-13.539267	100.00	4740	4892.11	4836.00	inf	0.00	0.01	0.00	0.00	0.000000E+00	-NAN(IND)	16744703
318	76.031748	76.021554	76.051458	C_6H_4-	(null)	-1.321394	100.00	6206	11672.84	11507.00	inf	0.00	0.01	0.00	0.00	0.000000E+00	-NAN(IND)	255
319	88.998670	88.992812	89.010161	C_6HO-	(null)	-51.887802	100.00	27889	25230.49	19480.00	inf	0.00	0.03	0.00	0.00	0.000000E+00	-NAN(IND)	16711680
320	147.045610	147.025056	147.067377	C_9H_7O_2-	(null)	3.107662	100.00	5693	10384.97	10118.00	inf	0.00	0.01	0.00	0.00	0.000000E+00	-NAN(IND)	65280
321	169.050397	169.024529	169.111594	C_8H_9O_4-	(null)	-1.390237	100.00	5505	3972.28	3927.00	inf	0.00	0.00	0.00	0.00	0.000000E+00	-NAN(IND)	16744448
 